14 0 0 0 2 1 1 1 25 10 0 10 9 4 100 0 5 0 0 0 99
45 0 0 0 2 0 0 1 65 35 30 15 35 4 100 10 10 10 10 10 100
59 1 1 0 4 0 1 1 15 10 5 10 9 6 100 5 5 5 15 6 100
26 0 0 0 29 0 0 1 25 15 5 0 10 8 100 10 5 0 0 1 100
45 0 0 0 7 0 0 0 5 5 10 15 8 8 100 5 5 5 15 6 100
47 0 0 0 1 0 0 0 45 60 65 100 65 10 96 10 10 10 5 9 96
37 0 0 0 4 0 1 0 60 70 65 70 68 12 100 15 10 10 20 12 100
39 0 0 1 0 0 1 0 10 15 80 75 45 14 55 10 5 0 5 4 100
18 0 0 0 0 0 0 1 40 25 5 0 16 14 100 5 10 5 0 5 100
54 0 0 0 14 0 1 1 30 10 5 20 13 14 100 5 10 0 10 5 100
51 0 0 0 21 1 1 0 55 70 70 75 68 14 31 0 5 20 5 9 96
48 1 1 0 7 0 1 1 70 85 80 70 78 14 100 10 10 5 15 9 100
19 0 0 0 1 0 0 1 25 10 20 10 12 14 100 10 10 15 10 11 97
64 1 0 0 2 1 0 1 20 20 20 5 19 14 100 5 10 15 20 12 99
59 1 1 0 7 0 0 0 0 10 55 50 30 14 51 5 10 30 60 23 84
48 0 0 0 14 0 0 0 25 10 10 15 15 15 92 11 5 10 15 10 10
24 0 0 0 19 0 1 0 25 30 30 40 30 15 100 35 20 30 35 28 100
22 1 0 0 2 0 1 0 35 20 10 53 17 16 100 10 5 0 0 1 100
42 0 0 0 10 0 1 0 10 0 20 85 22 16 96 10 5 0 5 7 100
38 0 0 0 1 0 1 1 40 25 10 5 12 16 100 11 8 0 5 5 100
26 0 0 0 1 0 0 0 30 20 5 52 15 16 100 5 10 5 10 7 100
29 0 0 0 4 0 1 1 10 15 80 70 45 16 88 15 10 5 10 9 100
66 0 0 0 4 0 1 0 35 29 10 35 20 16 96 15 15 15 32 16 100
64 0 0 0 2 0 0 0 5 20 40 55 30 16 56 10 15 30 55 25 84
23 0 0 0 7 1 0 1 59 10 5 5 10 18 100 15 10 14 0 7 100
35 0 0 0 4 1 1 1 70 75 60 65 66 18 96 10 10 5 10 8 96
53 0 0 0 1 1 1 1 25 10 10 70 22 18 96 15 10 15 45 14 88
64 1 0 0 6 0 1 0 58 25 25 53 20 18 100 19 20 15 30 19 100
34 0 0 0 14 0 0 0 20 5 5 5 7 20 100 10 5 0 0 3 100
31 0 0 0 29 0 1 0 15 20 25 35 23 20 100 10 10 5 10 8 100
46 0 0 0 10 1 1 1 15 15 30 85 31 20 80 11 15 5 15 10 100
27 0 0 0 3 0 1 1 10 10 10 15 10 20 100 10 15 10 10 11 100
56 0 0 0 10 0 1 1 25 15 10 10 15 20 100 15 10 10 15 11 100
49 0 0 0 3 0 1 1 20 15 5 10 13 22 100 10 8 0 0 1 100
52 0 0 0 21 0 1 1 55 60 30 25 43 22 100 15 10 15 15 13 100
47 0 0 0 7 0 0 1 45 20 15 20 22 48 100 0 5 5 25 4 100
60 0 0 0 0 0 1 1 10 20 15 40 27 24 100 20 20 10 0 10 96
54 1 0 0 1 1 1 0 25 15 10 20 15 24 100 10 15 10 10 11 100
51 0 0 0 1 0 1 0 15 40 35 15 23 24 92 10 15 10 30 15 91
54 0 0 0 2 0 0 1 100 104 68 90 96 24 100 20 15 12 60 28 0
56 0 0 0 4 0 1 1 40 15 10 10 16 25 98 15 10 10 10 10 100
54 0 0 0 2 1 1 0 15 20 15 25 18 25 100 15 10 10 10 10 100
61 0 0 1 1 0 0 0 25 15 15 20 17 25 100 15 12 10 15 11 100
40 0 0 0 7 0 0 1 30 10 10 10 13 25 100 20 16 15 20 15 100
39 0 0 0 0 0 0 1 45 40 25 5 29 50 92 5 0 0 -5 0 100
41 1 0 0 2 1 1 0 30 10 0 51 12 26 100 0 0 5 15 4 100
49 0 1 0 1 1 0 0 65 65 65 75 64 51 96 10 15 5 5 9 100
51 1 0 0 7 0 1 1 50 35 10 15 26 26 84 5 10 5 20 7 100
51 0 0 0 2 0 0 0 30 35 15 45 29 26 100 12 10 10 15 10 100
49 0 0 0 5 1 0 1 20 25 55 80 43 26 72 5 15 10 5 9 100
52 0 0 0 1 0 0 0 59 25 30 50 32 26 100 15 15 15 15 15 95
59 0 0 0 12 0 1 0 20 30 40 57 36 26 92 10 15 10 45 17 96
37 0 0 0 7 1 0 1 56 25 30 54 29 28 100 15 0 5 5 5 100
44 0 0 0 7 0 0 1 35 36 25 20 25 28 100 10 15 5 5 8 100
37 0 0 0 4 0 1 0 45 30 20 25 28 28 92 45 30 20 25 12 100
49 0 0 0 2 0 0 1 25 15 15 25 18 28 100 10 10 15 15 12 100
46 0 0 0 2 1 1 0 20 35 55 100 50 28 76 10 10 20 15 14 99
46 0 0 0 1 0 0 1 55 46 35 20 31 28 100 20 20 20 15 16 88
19 0 0 0 1 0 1 0 15 65 67 25 48 30 80 0 0 5 5 2 97
57 0 0 0 2 0 1 1 15 30 35 65 35 30 100 5 8 5 0 5 100
24 0 0 0 2 0 1 1 45 30 10 10 22 30 96 5 5 5 5 6 100
55 0 0 0 2 0 1 0 60 47 25 0 31 30 80 8 10 5 10 7 96
36 0 0 0 22 0 0 1 35 60 40 20 42 30 84 10 10 5 5 7 100
39 0 0 0 180 0 1 1 25 35 45 70 42 30 71 5 5 10 55 9 100
13 0 0 0 0 0 1 0 50 35 35 45 39 51 92 20 10 5 15 10 96
29 0 0 0 1 1 1 1 50 30 10 25 25 30 98 10 10 10 10 10 100
25 0 0 0 2 0 1 0 50 45 35 25 39 30 100 15 15 10 5 11 91
53 1 0 0 29 0 1 1 25 20 70 70 45 30 70 15 15 24 5 11 100
59 0 0 0 0 0 0 1 30 35 15 10 23 30 94 10 15 15 10 13 100
29 0 0 0 2 0 1 1 35 25 25 15 23 30 98 20 15 10 10 13 100
55 0 0 0 13 1 1 0 20 37 35 45 32 30 92 10 15 10 25 10 100
36 0 0 0 29 0 0 1 40 30 20 20 26 30 100 20 15 15 10 15 100
33 0 0 0 2 0 1 1 35 10 16 10 14 30 96 20 15 15 15 15 100
52 0 0 0 1 0 0 1 25 25 29 25 23 30 100 13 20 10 20 15 95
63 0 0 0 7 0 1 1 25 10 10 30 15 30 100 20 15 15 20 16 100
35 0 0 0 1 0 0 1 25 36 20 25 30 52 88 15 15 20 20 17 100
35 0 0 0 5 0 0 0 55 40 25 45 38 52 100 10 15 15 35 17 100
46 0 0 0 2 1 0 0 61 35 30 10 32 30 88 20 25 25 5 20 96
50 0 0 1 10 0 1 0 25 35 25 40 30 30 88 20 20 15 35 20 96
64 0 0 0 14 0 1 0 45 25 15 70 31 30 96 20 15 15 30 20 100
56 0 1 0 0 0 0 0 45 15 30 55 31 48 92 5 19 40 33 29 92
69 1 0 0 7 1 0 0 25 15 46 100 50 30 55 25 20 30 60 30 100
70 1 1 0 10 0 1 1 65 40 30 57 36 30 92 25 20 40 30 30 100
65 0 0 0 2 0 1 1 40 35 20 35 30 52 100 40 35 30 32 35 100
42 0 0 0 2 1 1 0 35 25 15 15 18 32 100 5 10 0 0 3 99
48 0 0 0 5 0 1 0 55 50 25 55 35 32 92 15 15 0 5 8 92
46 0 0 0 29 0 0 0 20 25 40 50 34 32 96 0 5 5 50 11 92
55 0 0 0 25 0 1 0 55 35 25 45 36 51 86 10 20 18 25 15 100
63 1 0 0 14 0 1 1 65 51 34 25 43 32 100 25 20 15 20 19 90
33 0 0 0 1 1 0 0 40 55 25 20 36 32 100 25 25 15 10 19 100
47 0 0 0 7 0 1 0 30 30 40 55 37 34 96 0 0 0 -5 0 100
11 0 0 0 1 0 0 1 40 55 70 80 61 34 80 5 5 5 0 4 100
62 0 0 0 0 0 0 1 10 30 30 55 30 34 58 5 5 10 27 9 100
38 0 0 0 14 1 0 1 40 30 15 25 31 34 90 15 14 15 10 14 100
65 1 0 0 13 1 1 1 40 35 39 54 32 34 100 15 15 10 20 14 100
64 0 0 0 4 0 0 1 55 45 25 25 36 34 96 10 15 15 20 13 97
60 0 0 0 14 0 0 1 25 61 85 65 58 34 72 20 20 15 28 17 100
64 0 0 1 5 0 0 1 55 45 50 55 46 34 84 10 25 10 25 17 100
55 1 0 0 7 0 1 1 40 65 45 75 55 53 92 10 15 20 25 14 100
48 0 0 0 1 0 1 1 61 45 30 40 39 34 80 15 15 20 25 18 100
51 0 0 0 2 0 1 1 52 15 36 65 33 34 88 5 5 25 65 21 99
54 1 1 0 2 0 0 1 65 35 20 45 36 34 96 15 25 20 25 21 100
57 0 0 0 0 0 0 0 25 35 45 65 41 34 88 25 25 15 30 25 100
53 0 1 0 1 0 1 1 40 40 15 35 30 34 100 15 22 25 20 24 91
74 0 0 0 7 0 0 0 35 45 65 75 55 34 92 120 120 120 120 120 0
39 0 0 0 5 0 0 1 40 25 25 20 26 35 53 15 10 10 10 10 100
31 0 0 0 1 0 1 0 5 35 50 54 29 35 96 10 10 20 15 14 100
61 0 0 0 21 0 1 0 30 35 50 75 44 48 88 20 15 23 25 15 96
47 0 0 0 2 0 0 1 55 39 25 20 32 35 65 25 20 15 15 18 59
62 1 0 0 5 0 1 1 50 40 45 30 41 35 88 17 20 30 15 21 100
44 0 0 0 9 0 1 0 35 35 25 15 28 35 92 20 40 30 45 32 92
37 0 0 0 2 0 0 0 30 42 45 45 37 49 100 0 5 10 0 5 100
21 0 0 0 14 0 0 0 25 25 40 60 35 36 63 11 10 10 5 10 100
55 0 0 0 2 1 0 0 50 55 35 40 45 36 92 20 15 18 10 15 92
59 1 0 0 2 0 0 1 45 25 10 40 25 36 100 20 20 15 20 18 100
48 0 0 0 2 0 1 1 45 39 20 40 30 36 96 10 20 15 31 19 96
62 0 0 0 10 0 1 0 35 35 41 40 35 36 100 20 10 25 30 20 100
68 1 0 0 35 1 0 0 58 35 40 55 40 36 86 15 20 25 35 23 96
60 1 0 0 10 0 0 1 75 35 25 35 38 36 92 25 25 20 25 23 100
60 0 0 0 0 1 0 0 55 40 25 45 38 36 88 20 15 35 40 26 90
72 1 0 1 1 1 1 0 30 30 50 85 45 36 92 15 20 20 70 27 96
43 1 0 0 2 0 0 0 30 47 71 65 50 36 38 5 25 35 45 28 96
47 0 0 0 7 0 1 0 25 30 30 55 33 36 100 20 30 25 40 28 96
77 0 0 0 11 0 0 0 50 25 30 35 32 36 51 35 25 30 40 30 94
63 1 0 0 1 0 1 1 25 40 60 80 50 48 72 32 50 40 60 41 84
71 0 0 0 29 0 1 0 59 45 50 55 46 36 80 60 50 60 60 57 84
27 0 0 0 14 0 1 1 60 70 45 20 51 38 90 0 5 5 26 4 100
32 0 0 0 14 0 0 1 45 50 30 25 38 38 96 8 5 0 10 4 100
16 0 0 0 2 1 1 1 35 35 30 53 34 38 72 5 10 0 5 5 100
59 0 0 0 2 0 1 1 40 30 25 40 31 38 100 5 5 13 15 9 100
56 1 1 0 2 0 1 1 35 35 40 95 46 38 80 15 10 15 10 12 100
75 0 0 0 10 1 0 0 45 44 35 70 44 38 84 10 15 5 25 12 100
58 0 0 0 2 0 0 0 30 35 40 45 37 38 88 15 10 15 20 14 96
54 0 1 0 1 0 0 1 30 40 65 100 56 38 72 10 10 18 25 15 100
56 0 0 0 10 0 0 1 40 35 25 30 31 38 52 15 15 15 10 14 100
57 0 1 0 7 0 1 0 30 30 45 70 41 38 63 11 15 15 25 15 100
58 0 0 0 1 0 0 1 70 75 56 25 55 38 57 15 15 15 15 15 100
54 0 0 0 7 1 1 1 30 40 40 50 40 54 96 10 20 20 15 17 100
43 0 0 0 10 0 1 0 30 35 40 70 41 38 100 10 15 10 50 14 100
46 0 0 0 59 1 0 0 40 40 30 40 36 38 92 15 20 20 20 15 100
52 0 0 0 7 0 0 0 55 45 30 58 39 38 96 30 20 25 30 27 92
72 0 0 0 5 1 1 0 35 35 30 40 34 38 92 15 35 30 30 29 92
61 0 0 0 1 0 1 1 35 40 49 35 36 38 52 25 35 30 30 30 88
54 0 0 0 2 0 1 0 61 90 75 75 82 38 92 30 30 50 65 42 0
72 0 1 1 0 0 0 1 35 20 40 0 35 38 96 35 45 45 60 9 100
64 0 0 0 5 0 0 0 30 40 50 50 43 38 100 55 60 60 70 60 84
65 1 0 0 2 0 0 0 55 25 35 65 40 38 72 60 65 44 70 65 48
56 0 0 0 2 0 1 1 35 35 45 75 45 38 92 50 70 75 115 72 79
45 0 0 0 5 0 1 0 40 35 55 70 48 39 90 25 35 50 33 39 92
17 0 0 0 0 0 0 0 25 20 60 30 35 49 84 5 5 5 24 4 100
55 0 0 0 2 0 1 1 45 50 30 15 36 40 92 0 7 10 15 9 100
49 1 0 0 29 0 1 1 65 60 40 20 47 40 31 10 10 10 15 10 100
44 0 0 0 7 0 0 0 60 40 25 35 37 40 68 10 10 10 15 10 100
68 1 0 0 2 0 0 1 55 25 25 50 31 40 72 10 10 10 15 10 100
21 0 0 0 5 0 1 0 25 35 35 30 32 40 94 10 10 10 10 10 100
30 0 0 0 2 0 1 0 35 45 25 20 32 40 94 10 10 10 10 10 100
32 0 0 0 4 0 1 1 61 55 35 25 45 40 92 15 10 15 5 11 100
60 0 0 0 1 1 0 0 50 46 60 110 60 40 40 0 8 15 15 10 100
62 0 0 0 8 0 0 0 40 35 45 35 39 40 72 10 15 10 15 12 95
23 0 0 0 3 0 1 1 40 45 55 70 51 40 100 20 10 15 10 13 100
35 0 0 0 2 0 0 1 45 30 15 25 26 40 94 15 15 15 10 14 100
59 0 0 0 7 0 1 1 50 20 20 40 28 51 94 15 15 15 40 19 100
44 0 0 0 0 0 0 1 60 45 30 40 37 40 100 10 15 25 40 21 100
60 0 0 0 2 0 0 0 35 30 45 60 41 46 75 10 10 30 45 22 65
62 0 0 0 21 0 0 0 60 55 20 10 36 40 80 35 25 15 25 23 88
54 1 0 0 14 0 1 1 35 45 50 60 47 40 84 25 20 25 35 25 100
61 0 0 0 13 0 0 0 25 40 50 45 41 40 92 25 30 25 40 29 100
74 1 1 0 5 0 1 1 61 55 50 65 54 40 96 20 35 30 30 30 100
63 1 0 0 14 1 0 0 65 50 30 35 43 40 92 30 40 30 45 35 100
83 0 0 0 23 1 0 0 35 50 65 90 59 40 55 20 29 40 70 38 86
38 0 0 0 7 0 1 1 40 40 30 30 35 42 100 10 10 0 10 6 100
42 0 0 0 9 1 0 0 60 55 48 35 44 42 88 10 11 15 0 10 99
49 0 0 0 1 1 0 0 50 40 40 40 42 42 96 5 10 15 15 9 100
65 0 0 0 7 0 1 0 56 50 60 55 52 42 88 20 20 10 29 15 96
20 0 0 0 2 1 1 1 55 45 35 56 43 42 92 20 10 15 20 15 100
59 0 0 0 10 0 0 0 55 50 20 30 37 42 100 19 20 20 15 17 100
62 0 0 0 10 0 0 1 35 49 35 30 37 42 100 10 15 15 35 19 100
64 0 1 0 2 0 0 1 40 44 35 45 40 47 92 13 17 15 25 20 100
59 0 0 0 12 0 0 1 60 55 45 40 50 42 84 15 20 15 35 20 100
60 0 0 0 7 1 1 0 30 35 51 60 43 42 100 12 20 25 28 18 100
55 0 0 0 9 0 0 0 50 40 25 55 39 42 84 20 25 15 55 25 100
49 1 0 0 0 1 1 0 50 30 40 60 41 42 88 50 50 55 65 54 88
64 1 1 0 1 0 0 0 55 56 45 40 49 42 96 85 85 70 75 78 40
41 1 0 0 2 0 1 0 80 75 50 25 59 44 68 5 10 5 15 8 100
69 1 0 0 14 0 1 1 35 49 50 60 44 44 88 15 11 0 10 9 97
50 0 0 0 4 1 1 1 40 45 35 25 37 44 96 10 15 5 10 10 99
73 1 0 0 2 1 0 0 40 50 66 90 58 44 68 20 20 25 15 20 99
58 1 1 0 2 0 0 1 40 40 30 60 42 44 100 25 25 15 70 29 100
74 0 0 0 10 0 1 0 40 45 50 60 49 44 72 10 35 40 35 32 88
63 0 1 0 1 0 0 1 45 50 45 55 48 44 54 20 40 30 40 35 96
74 0 1 0 14 1 1 1 55 50 25 57 41 44 88 35 35 20 75 38 99
58 1 0 0 14 0 1 1 40 45 35 60 43 44 92 20 40 20 65 34 100
75 1 0 0 2 0 0 0 35 40 35 70 42 44 72 30 30 26 70 38 91
37 0 0 0 2 1 1 1 59 35 15 90 37 44 88 45 33 15 90 39 100
49 0 0 0 1 0 1 1 45 60 50 50 52 53 72 15 30 40 95 40 100
57 0 0 0 2 0 1 1 25 35 35 65 38 45 90 15 15 20 20 17 100
59 1 0 0 21 1 1 1 30 40 40 50 36 45 88 15 19 20 20 19 100
45 0 0 0 7 0 1 1 25 40 35 40 35 45 96 20 35 25 15 25 100
54 0 0 0 1 0 1 0 30 35 48 25 34 48 94 25 35 35 35 33 94
65 0 0 0 10 0 1 1 40 20 25 45 29 45 75 50 55 30 40 44 91
59 0 0 0 2 0 1 0 60 50 30 57 46 54 48 55 65 40 30 49 82
20 0 0 0 1 0 0 0 90 110 120 120 108 46 84 10 9 5 5 5 76
55 0 0 0 10 1 0 0 40 40 47 50 41 46 48 10 10 10 26 9 100
51 0 0 0 5 0 0 0 45 85 95 95 83 46 7 9 10 15 5 10 100
68 0 0 0 2 0 1 0 60 55 25 25 40 46 48 10 10 10 20 11 100
46 0 0 0 4 0 1 1 59 65 60 56 58 46 68 10 15 15 15 14 100
31 0 0 0 2 0 1 1 70 70 55 30 58 46 68 10 15 15 15 14 100
65 1 0 0 7 1 1 0 60 55 25 30 42 46 80 10 15 20 30 18 92
53 0 0 0 29 0 1 0 40 45 40 45 42 46 96 15 20 15 25 18 100
56 0 1 0 1 0 0 1 58 60 45 30 48 46 92 18 25 10 30 21 100
64 0 0 0 14 0 1 1 30 35 40 60 41 49 84 20 20 35 70 31 100
58 0 0 0 7 0 0 1 55 40 50 85 53 46 80 25 30 34 60 39 80
50 1 0 0 5 0 0 0 59 45 45 55 46 46 68 30 35 50 60 43 72
69 1 1 0 2 0 1 0 45 50 65 75 58 46 80 35 40 60 55 48 92
54 0 0 0 2 0 1 0 60 65 35 60 53 48 31 5 5 0 5 3 100
49 0 0 0 4 0 1 1 50 65 60 45 57 53 76 10 10 10 10 10 96
47 0 0 0 14 1 1 1 60 60 55 40 55 48 76 11 10 15 5 11 100
47 0 0 0 11 0 1 1 60 60 45 50 53 48 59 10 20 10 15 14 100
68 0 1 1 10 1 0 0 50 35 40 65 42 49 100 20 20 20 20 21 100
58 0 0 0 5 0 0 1 60 65 30 55 48 53 72 15 15 20 45 21 100
66 1 0 0 0 0 1 0 60 50 50 35 49 48 68 20 25 35 25 27 100
77 0 0 0 20 1 0 1 55 45 46 50 45 48 88 17 20 30 45 28 99
85 1 0 0 7 0 0 0 50 45 55 80 55 48 68 45 40 60 85 55 72
65 1 0 0 5 0 1 0 35 40 55 70 49 48 100 55 65 70 70 65 100
57 0 0 0 0 1 0 0 50 55 50 45 50 50 92 15 10 5 5 8 99
56 1 1 0 1 1 0 1 40 45 45 55 45 50 70 20 15 18 20 17 100
53 1 1 0 7 0 1 1 30 35 35 75 40 52 92 20 20 15 25 20 100
71 0 0 0 7 0 1 0 50 45 40 35 42 50 84 20 15 20 30 20 96
73 1 0 0 1 1 0 1 30 35 55 60 45 50 88 15 15 25 35 18 100
71 0 0 1 20 0 1 0 51 45 40 15 39 50 84 20 25 30 20 25 100
65 1 0 0 29 0 1 1 50 45 30 35 39 50 72 20 20 30 35 30 96
74 1 1 1 2 0 1 0 60 55 40 50 50 50 53 25 25 20 65 30 100
72 1 0 0 2 0 1 0 60 60 62 65 55 50 92 120 120 120 120 120 0
55 0 0 0 2 1 1 0 65 60 55 15 51 55 72 20 0 0 10 5 100
50 0 0 0 1 0 0 1 60 55 35 55 52 52 80 11 10 12 5 8 97
58 1 1 0 5 0 0 0 55 50 45 55 55 52 84 5 15 15 20 14 100
57 0 0 0 5 1 0 0 59 45 40 57 46 48 80 25 25 25 20 22 100
47 0 1 0 1 0 1 1 40 40 55 50 49 52 88 20 20 30 25 21 100
73 1 0 0 2 0 1 0 60 70 45 35 54 52 76 30 25 15 32 25 100
59 1 0 0 59 0 0 0 45 51 45 55 45 45 88 10 30 35 60 33 80
68 0 0 0 4 0 0 0 58 50 45 80 51 54 90 5 15 15 20 14 96
55 0 0 0 7 0 0 0 75 75 65 56 70 54 92 5 20 15 15 15 100
58 0 0 0 7 1 0 0 60 65 45 35 52 54 63 15 15 20 15 16 96
60 0 0 0 29 1 1 1 55 55 45 50 48 54 80 20 10 25 25 19 92
71 0 0 0 2 0 1 0 60 50 35 58 45 54 59 15 16 15 40 20 100
67 0 0 0 1 0 1 1 65 55 45 70 55 54 29 15 15 15 50 20 100
52 0 0 0 14 1 0 1 50 55 45 57 51 54 68 15 30 15 31 21 100
59 0 0 0 2 0 0 0 50 50 35 55 45 54 40 20 25 25 30 25 100
52 0 0 0 2 0 0 1 55 55 50 55 52 54 96 55 50 45 30 45 100
60 0 0 0 2 0 0 0 65 50 54 70 55 54 96 80 85 100 110 93 52
46 0 0 0 7 0 1 1 45 50 45 60 49 55 49 5 5 12 15 9 98
53 1 1 0 14 0 1 0 25 25 40 65 36 55 86 15 15 10 15 13 100
56 0 0 0 5 0 0 0 60 55 30 20 41 55 86 15 15 15 15 15 98
62 0 0 0 90 1 1 0 40 45 50 60 48 55 80 10 15 20 15 15 100
64 0 1 0 2 0 0 0 55 39 20 45 33 55 60 20 15 15 35 19 98
67 0 0 1 7 1 1 0 60 45 35 30 41 55 84 25 25 20 20 22 99
70 1 0 0 7 0 1 0 57 40 50 50 46 55 86 20 20 25 40 25 100
20 0 0 0 2 0 1 0 40 35 40 35 37 55 78 40 35 40 40 38 80
33 0 0 0 0 0 0 0 65 60 35 35 48 49 88 0 10 5 27 5 100
49 0 0 0 10 0 1 1 85 75 30 65 60 56 40 20 5 5 30 11 100
63 0 0 0 7 0 1 0 40 60 60 75 59 56 80 15 10 10 30 14 80
42 0 1 0 1 1 0 1 50 45 35 45 42 55 63 5 10 15 30 14 100
53 0 0 0 7 0 0 0 55 50 45 40 47 56 59 10 15 20 20 16 100
52 0 0 0 1 1 0 0 59 60 50 65 56 56 76 10 15 17 20 16 100
57 0 0 0 29 1 1 0 55 55 55 65 55 56 24 25 15 20 35 21 100
67 1 0 0 7 1 0 0 60 55 50 56 53 56 92 30 25 20 30 25 100
62 1 0 0 2 0 0 0 40 55 60 60 55 56 72 20 35 20 45 29 84
56 0 1 0 0 0 1 1 59 55 60 65 61 56 86 25 26 35 31 26 94
62 0 0 0 2 0 1 0 80 70 55 75 67 53 100 40 35 35 40 36 100
72 1 0 0 10 0 0 0 40 54 55 55 47 56 84 35 50 35 55 43 76
82 1 1 0 5 0 1 0 50 55 65 110 66 51 36 25 33 40 80 45 72
45 0 0 0 1 1 0 0 55 60 35 60 50 58 72 5 10 15 20 12 100
56 1 0 0 4 0 1 0 45 50 50 70 52 58 88 10 15 5 30 13 100
64 0 0 0 1 0 1 0 45 48 44 45 45 58 96 10 17 20 30 23 95
70 0 0 0 4 0 0 1 55 52 50 60 52 55 59 5 15 35 55 26 92
57 1 0 0 7 0 0 0 55 55 35 70 50 58 55 15 20 24 70 32 92
72 1 1 0 4 0 0 0 70 55 50 65 57 51 78 20 30 35 60 35 78
53 1 1 0 10 1 1 0 65 70 65 75 68 58 63 50 40 35 45 40 100
53 0 0 0 5 0 1 0 35 55 70 70 59 58 72 10 30 65 65 44 59
78 1 0 0 10 0 1 1 57 55 65 70 59 58 84 55 60 65 75 62 92
74 1 1 0 2 0 0 1 60 65 50 65 59 58 96 80 95 90 100 91 68
48 1 1 0 7 0 1 0 55 40 45 70 49 60 48 5 15 15 25 15 95
47 0 0 0 4 0 0 1 60 80 60 55 65 60 80 15 10 15 25 15 94
68 1 1 1 0 0 1 0 64 75 50 35 60 49 72 10 15 15 20 15 100
38 0 0 0 2 0 1 0 55 65 55 40 55 60 88 40 10 20 5 17 100
53 1 0 0 2 0 1 0 25 65 65 60 57 60 70 10 15 15 35 17 100
74 0 1 0 1 0 0 1 55 55 65 70 60 60 53 10 15 15 40 18 100
52 0 0 0 1 0 1 0 40 55 55 60 53 60 80 25 20 15 15 18 87
43 0 0 0 4 0 1 0 20 30 45 105 45 60 72 20 17 20 25 20 100
53 0 0 0 29 1 0 0 65 70 60 75 66 60 76 16 10 25 50 23 96
57 0 0 0 1 0 1 0 45 55 60 60 55 60 90 15 15 20 55 23 100
76 0 0 0 1 0 0 0 55 51 50 45 53 60 47 10 20 25 32 24 92
59 0 0 0 7 0 1 0 50 45 55 60 51 60 44 0 11 40 60 19 88
52 1 0 0 5 0 1 1 70 50 48 60 50 60 86 20 15 30 50 23 96
76 1 0 0 1 1 1 0 70 70 35 45 54 60 76 35 35 30 30 32 100
78 0 0 0 45 0 0 0 55 50 60 59 54 60 48 35 39 40 45 36 90
54 1 0 0 4 0 1 0 45 45 50 45 46 60 84 25 40 32 35 38 88
72 1 0 0 10 0 1 0 50 57 65 58 60 60 96 45 55 55 55 53 100
82 1 1 0 2 0 0 1 59 45 50 75 51 60 84 65 85 80 80 81 52
55 0 0 0 2 0 1 0 60 55 45 50 50 60 70 75 69 75 95 80 29
57 1 0 0 2 0 0 0 60 65 65 40 60 60 76 75 95 80 55 80 72
43 0 0 0 5 1 1 1 55 60 55 75 59 62 72 10 11 10 15 12 100
65 1 0 0 2 0 1 0 75 60 50 55 58 62 68 15 25 20 30 22 100
49 0 1 0 2 0 1 1 60 60 55 80 61 62 96 30 30 25 35 29 100
57 1 0 0 1 0 0 0 65 55 45 75 55 62 54 15 20 25 80 30 100
75 1 0 0 32 1 1 1 55 55 45 55 51 62 44 25 25 35 55 33 96
53 0 0 0 1 0 1 0 60 60 50 50 55 62 72 75 70 60 45 62 76
61 0 1 0 7 0 0 0 50 60 67 90 55 62 68 50 60 70 35 66 59
50 0 0 0 1 0 1 0 60 70 60 55 62 64 48 10 10 15 10 10 100
48 0 0 0 5 0 0 1 75 70 30 55 55 64 48 10 5 11 45 12 96
60 0 1 1 2 0 1 0 58 65 70 45 63 64 44 20 15 15 25 17 92
77 1 0 0 29 0 1 0 50 65 70 56 65 64 55 50 65 70 75 17 100
62 0 0 0 4 0 1 1 65 65 65 55 63 64 55 20 30 45 30 33 96
75 0 0 0 2 0 1 0 59 60 65 85 65 51 100 35 45 45 55 45 100
72 0 1 1 7 1 0 1 60 60 55 90 63 64 80 31 48 65 95 73 98
78 1 0 0 0 0 0 0 70 80 90 110 86 129 0 75 80 53 80 80 20
72 1 1 0 7 0 0 1 50 55 65 59 59 64 76 110 110 110 110 110 0
54 0 0 0 4 1 1 0 60 60 50 55 55 65 72 15 15 15 15 15 100
36 0 0 0 7 0 1 1 45 45 50 85 53 65 40 15 15 10 25 15 96
46 0 0 0 4 0 1 1 55 55 45 55 52 65 53 15 20 15 5 15 100
54 0 0 0 4 0 1 0 70 60 60 35 57 65 78 25 20 15 15 18 96
51 0 0 0 7 0 0 0 40 45 58 70 50 65 84 20 20 26 20 20 98
59 0 0 0 7 0 0 1 75 60 53 40 57 65 55 25 20 25 15 21 100
40 0 1 0 1 0 0 1 30 65 60 50 55 65 66 25 25 15 75 28 92
53 0 0 0 0 0 1 0 50 90 120 120 98 66 12 15 5 19 26 10 100
68 0 0 0 5 0 1 1 55 60 50 50 54 66 12 15 10 15 20 14 96
64 1 1 0 5 0 1 0 80 72 50 75 68 66 31 20 15 15 25 17 100
25 0 0 0 4 0 1 0 60 80 95 120 88 66 59 5 30 15 20 19 100
75 1 0 0 4 0 1 0 70 75 45 40 58 66 44 15 20 15 30 19 100
71 0 0 0 2 0 0 0 55 58 70 65 61 66 59 10 20 25 45 24 100
67 1 0 0 2 0 0 0 55 65 55 65 60 66 57 15 15 30 50 25 100
60 0 0 0 1 1 1 0 50 65 65 95 67 66 51 10 20 29 80 31 92
50 0 1 0 2 0 1 1 65 65 60 57 63 51 68 25 35 35 25 31 96
64 1 1 0 0 0 1 1 75 71 70 65 71 66 27 65 60 60 75 62 89
36 0 0 0 8 0 1 1 59 80 66 75 76 49 55 10 10 5 27 6 100
48 0 1 0 9 0 1 1 70 75 50 50 62 68 54 20 10 10 65 20 100
50 0 0 0 7 0 0 0 65 60 45 65 56 68 88 22 25 20 15 20 100
59 1 0 0 2 0 1 0 90 85 65 60 75 68 55 20 20 20 30 21 100
61 0 0 0 2 0 0 0 80 55 25 58 45 68 44 25 40 15 25 26 100
64 1 0 0 2 0 1 0 55 60 60 45 56 68 80 28 30 35 35 31 79
57 0 0 0 1 0 1 0 64 60 60 75 60 68 36 30 45 80 85 60 72
24 0 0 0 7 0 1 0 55 60 60 30 54 70 84 7 0 10 5 5 100
43 0 0 0 2 0 1 0 75 70 75 58 69 70 6 15 5 10 10 9 100
66 0 0 0 3 0 1 1 57 45 55 75 52 48 40 5 5 20 10 10 100
53 0 0 0 2 0 0 0 35 65 65 40 55 70 29 15 15 10 15 12 100
54 0 0 0 0 0 1 1 70 70 50 56 55 70 72 25 25 15 15 20 93
65 0 0 0 1 0 0 0 60 70 75 75 70 70 40 15 15 35 50 27 100
64 0 0 0 7 0 1 1 65 50 50 50 55 70 45 25 25 35 65 28 90
72 1 0 0 7 0 1 0 60 60 55 70 60 70 26 15 25 50 65 38 84
73 1 1 0 90 1 0 0 56 60 51 95 71 70 76 30 35 35 75 40 92
62 0 0 0 2 0 1 0 75 85 70 60 74 72 31 0 10 5 15 7 100
61 0 0 0 2 0 1 0 80 80 68 70 76 72 0 10 5 15 5 9 97
61 1 1 0 2 0 1 1 80 80 70 65 74 52 24 8 5 10 25 9 100
46 0 0 0 5 0 1 0 75 85 75 70 77 72 0 10 10 5 20 10 100
55 0 0 0 7 0 1 0 57 75 70 60 69 72 7 15 15 15 20 15 100
53 1 0 0 1 0 1 1 60 65 50 30 53 72 15 10 15 20 10 15 100
72 1 0 0 2 0 1 0 60 60 56 58 60 72 51 40 40 40 55 42 100
61 0 0 0 8 0 1 1 65 65 45 70 59 74 24 0 5 0 15 6 100
47 1 0 0 14 0 1 1 75 65 55 75 69 74 20 10 10 5 15 9 98
50 0 0 0 5 0 0 1 75 72 60 65 71 74 20 25 5 17 20 12 96
63 0 0 0 2 1 1 0 70 65 70 95 72 74 12 25 35 35 60 37 99
42 0 0 0 21 1 1 0 65 60 35 50 51 52 44 15 15 15 15 15 100
71 1 0 0 5 1 1 1 65 60 40 55 53 75 46 15 15 15 20 15 99
73 1 0 0 4 0 0 0 65 65 55 60 60 75 72 30 35 45 50 40 84
58 0 0 0 7 0 1 0 70 65 70 75 69 76 29 10 10 15 15 12 100
56 1 1 0 1 0 1 1 70 75 60 55 65 76 24 15 15 10 25 15 100
48 0 0 0 2 0 0 0 70 75 65 80 71 76 27 15 15 15 15 15 90
45 0 0 0 1 0 1 1 60 60 65 80 65 76 40 30 30 15 20 23 100
67 1 1 0 0 0 0 0 80 85 95 65 84 76 80 25 30 35 45 33 96
79 0 0 1 2 0 0 0 85 80 75 55 75 76 26 30 35 35 50 36 94
15 0 0 0 21 0 1 1 80 95 70 65 79 78 20 0 5 0 5 4 100
61 0 0 0 1 0 1 0 70 75 80 60 73 78 24 10 10 18 10 11 100
57 1 1 0 2 0 0 0 75 70 75 70 70 78 48 30 40 60 65 49 80
74 1 0 1 2 0 0 0 80 75 65 75 70 47 20 35 50 55 65 51 80
46 0 0 0 1 0 0 0 80 75 65 50 68 80 48 7 5 10 0 6 100
57 1 0 0 1 0 1 0 90 80 75 85 80 80 3 0 10 5 20 7 100
54 1 0 0 7 1 1 1 60 70 85 60 77 80 0 10 10 10 0 10 100
51 0 1 0 4 0 1 1 60 55 55 58 58 80 13 10 10 10 20 10 100
70 0 1 0 1 0 0 0 85 80 75 70 77 80 20 20 15 10 5 14 100
47 0 0 0 1 1 1 1 70 60 65 75 65 80 65 15 14 20 28 17 100
70 0 0 0 21 0 1 1 30 80 85 75 72 80 54 20 20 20 45 24 96
75 1 0 0 1 0 1 1 85 79 63 65 78 80 29 30 25 25 30 25 100
55 0 0 0 2 0 1 1 60 65 70 59 64 80 61 14 17 20 45 26 96
64 0 0 0 2 0 0 0 70 85 70 80 76 80 55 10 30 55 65 44 88
69 0 0 0 4 0 0 0 70 65 80 80 73 80 7 80 80 75 95 80 31
48 0 1 0 5 0 1 0 75 70 75 65 71 82 24 15 10 15 10 12 100
59 0 0 0 5 0 1 0 75 70 75 75 73 82 0 20 15 25 35 22 100
71 1 0 0 0 0 0 1 70 65 85 110 80 82 0 25 30 40 50 35 100
63 0 0 0 7 0 0 0 65 70 60 85 64 82 49 30 40 45 30 38 100
65 1 0 0 29 0 1 0 59 70 70 100 73 82 15 30 45 45 50 43 100
59 0 1 0 2 0 1 1 75 80 65 75 73 82 44 45 55 35 70 54 84
40 0 0 0 2 0 1 1 55 80 80 70 77 84 51 5 5 0 10 4 100
61 0 0 0 0 0 0 1 85 90 90 75 85 84 12 9 10 10 25 10 97
48 0 0 0 14 0 1 1 65 75 75 75 73 84 52 5 10 10 25 11 100
75 1 1 0 7 0 1 0 60 65 60 56 63 84 68 15 20 15 15 16 100
47 0 0 0 1 0 0 0 50 85 80 59 76 84 10 16 20 15 35 20 84
54 1 1 0 14 1 1 1 65 70 80 100 77 84 3 40 35 15 20 26 100
56 0 0 0 1 0 0 0 65 60 55 58 57 50 61 20 20 20 20 20 100
71 1 1 0 1 0 1 0 75 70 55 40 60 85 38 35 30 15 20 24 96
67 0 0 0 1 0 1 1 75 65 65 70 67 85 7 30 30 40 55 37 94
24 0 0 0 2 0 0 1 90 95 90 56 90 86 27 5 5 0 5 5 100
47 1 0 0 2 0 1 0 80 75 60 50 66 86 12 5 5 0 10 4 96
19 0 0 0 7 1 1 1 80 80 80 55 75 86 0 15 5 5 24 5 100
46 0 0 0 1 0 1 0 85 85 80 65 80 86 15 5 0 15 10 7 100
59 1 0 0 4 0 0 0 75 80 70 55 71 86 24 10 10 10 15 10 100
73 0 0 0 2 1 1 1 55 70 55 58 62 86 27 25 30 25 30 25 100
71 1 0 0 2 1 1 0 55 90 105 110 92 86 24 20 25 40 40 28 100
62 1 0 0 7 0 0 1 65 65 70 80 69 86 13 26 30 60 33 39 74
69 0 0 0 14 1 0 0 85 85 65 80 77 86 54 25 40 55 65 46 100
50 0 0 0 2 0 1 0 90 90 80 70 83 88 0 5 5 13 10 5 96
50 0 0 0 5 1 0 1 57 90 80 70 81 88 34 5 10 5 25 5 100
58 0 0 0 2 0 0 0 85 90 70 65 78 88 29 10 5 5 15 7 100
62 0 0 0 15 0 1 1 70 90 70 80 76 88 40 5 10 20 75 23 100
67 0 1 0 11 0 0 0 90 75 70 90 78 88 0 10 15 30 65 21 96
69 1 1 1 7 1 1 1 65 90 85 80 82 88 36 23 30 30 45 32 100
61 0 1 1 1 0 0 0 90 80 70 65 75 90 3 5 5 0 50 10 100
49 0 0 0 5 0 0 1 70 75 64 80 85 90 3 11 15 5 20 11 100
50 1 0 0 5 0 0 1 105 105 80 60 89 90 10 15 15 15 10 14 100
22 0 0 0 7 0 1 0 65 55 55 65 60 42 20 20 10 10 25 12 96
70 1 0 0 2 0 1 0 70 70 60 50 63 90 20 10 10 15 25 14 100
44 0 0 0 1 0 1 0 80 80 70 50 71 90 0 15 15 15 29 15 100
67 1 1 1 1 0 0 1 95 75 60 60 70 90 12 30 20 25 31 25 96
46 0 0 0 7 0 1 1 59 70 55 65 64 90 45 20 20 30 40 24 96
69 0 0 1 5 0 1 0 58 66 63 85 84 90 63 15 21 25 75 28 96
72 0 0 0 5 0 1 1 35 52 65 75 60 90 0 20 25 30 40 28 100
57 0 0 0 59 0 1 0 45 75 75 85 71 90 10 15 25 25 65 30 100
72 1 0 0 7 0 1 0 75 70 57 70 65 90 47 25 25 30 35 31 94
84 0 0 0 7 0 0 0 65 75 90 110 84 90 29 40 35 40 70 43 74
50 0 0 0 7 0 0 1 60 100 120 120 103 90 24 20 30 120 120 73 70
66 0 0 0 7 0 1 0 80 85 68 75 80 92 10 20 25 23 25 24 100
65 0 0 0 1 0 1 0 80 90 105 100 95 92 13 20 15 25 55 25 100
78 1 1 0 2 0 0 0 100 95 90 90 93 92 10 30 45 65 75 54 74
31 0 0 0 1 1 1 0 80 80 70 60 73 94 15 10 8 5 5 7 100
54 0 1 0 4 0 1 0 85 90 62 65 74 94 6 15 20 15 25 18 100
75 0 0 0 5 0 0 0 75 70 75 85 75 94 0 15 15 30 34 31 90
48 0 0 0 5 0 1 0 65 70 61 75 66 95 0 11 10 10 15 10 100
63 0 0 0 0 0 1 0 75 75 68 80 74 95 0 20 15 20 15 15 98
60 1 0 0 1 0 0 1 70 75 65 60 68 95 12 15 20 25 25 21 100
49 1 0 0 7 0 1 1 85 90 85 70 84 95 0 35 35 20 25 28 90
80 1 0 0 1 0 0 0 80 73 70 85 75 95 12 22 25 30 45 29 96
57 0 0 0 1 1 0 1 59 65 60 65 63 95 0 30 33 30 40 31 94
79 0 0 0 1 0 1 0 65 60 61 75 63 95 27 20 30 50 80 43 90
38 1 0 0 1 0 1 1 80 85 80 85 82 96 7 12 10 10 10 8 100
65 1 0 0 59 0 0 0 90 90 90 80 88 96 6 15 15 5 30 14 99
70 0 0 0 7 1 0 1 80 80 90 120 90 96 0 20 20 25 20 21 100
66 0 0 0 2 0 1 0 85 90 80 85 85 98 52 15 25 20 20 20 100
59 0 0 0 6 0 1 0 85 85 75 60 77 98 0 30 29 20 10 21 100
73 0 0 1 7 0 0 0 58 80 70 85 80 98 3 20 25 15 33 23 91
18 0 0 0 2 0 1 1 85 80 75 54 75 100 51 12 15 10 10 11 100
55 1 0 0 11 0 0 0 75 75 85 85 80 100 0 20 20 20 15 19 100
64 0 0 0 2 0 1 0 80 72 57 55 62 100 0 20 25 20 25 22 100
59 1 1 0 2 1 0 1 85 85 90 75 82 100 0 25 26 25 35 28 96
53 0 0 0 14 0 1 1 85 95 70 90 84 100 0 45 70 75 35 65 92
67 1 0 0 1 0 0 0 70 80 76 105 79 100 0 55 70 80 100 75 22
22 0 1 0 2 0 0 0 51 100 85 56 93 100 10 110 100 120 120 111 0
40 0 0 0 0 1 0 0 10 110 110 110 93 115 0 15 15 15 15 13 99
82 0 1 0 4 0 0 1 105 100 95 105 100 115 0 25 25 20 25 23 96
47 0 0 0 0 1 0 1 95 120 120 120 115 130 0 0 0 0 5 0 100
34 0 0 0 7 1 0 0 85 95 105 110 100 130 0 5 0 0 0 0 99
29 0 0 0 0 0 1 1 85 90 74 70 85 130 0 10 0 0 0 1 100
48 0 0 0 5 0 1 1 105 101 95 110 102 130 0 5 0 0 10 6 100
32 0 0 0 1 0 1 0 80 90 100 64 94 130 0 0 5 5 -5 2 100
47 0 0 0 2 0 1 0 80 80 80 90 81 130 0 0 5 5 0 3 100
19 0 0 0 4 0 1 0 95 95 105 110 100 130 0 10 0 5 0 3 100
44 1 1 0 0 1 1 1 80 120 115 100 108 130 0 10 5 5 0 5 99
38 0 0 0 1 1 1 1 110 110 88 110 108 130 0 5 8 5 0 5 100
33 0 0 0 5 0 1 0 85 100 90 120 97 130 0 0 5 10 5 5 100
63 0 0 0 10 0 1 0 100 100 78 65 90 130 0 5 10 5 0 5 98
48 1 1 0 1 0 1 1 90 85 75 70 80 130 0 7 5 0 15 5 100
39 0 0 0 7 0 1 0 85 85 65 75 76 130 0 5 5 5 26 5 100
50 0 0 0 2 0 1 0 95 95 90 75 90 130 0 0 5 10 5 5 100
67 1 1 0 0 1 1 1 120 120 120 120 120 130 0 5 0 5 15 5 100
64 0 0 0 0 0 0 0 100 100 105 115 104 130 0 5 5 10 5 6 100
13 0 0 0 0 1 1 0 90 120 100 100 105 130 0 11 15 0 26 6 100
48 0 0 0 2 0 0 0 95 100 85 85 91 73 0 5 0 10 15 6 95
55 0 0 0 4 1 0 1 80 115 75 115 95 130 0 5 5 10 10 7 92
49 1 0 0 2 0 0 1 90 90 80 80 86 130 0 10 10 0 15 7 100
25 0 0 0 8 1 1 1 100 110 120 120 113 130 0 10 15 0 5 7 100
50 0 0 0 1 1 1 0 120 120 120 76 120 130 0 15 10 19 5 8 96
43 0 0 0 0 0 1 1 95 95 90 85 91 130 0 5 5 5 25 8 100
46 0 1 0 0 1 0 1 95 90 110 105 98 130 0 5 5 10 20 9 100
46 0 0 0 2 0 0 1 90 110 110 110 106 129 0 10 10 10 5 9 100
53 0 1 0 2 0 0 0 105 105 90 120 102 130 0 15 15 0 10 9 100
49 0 1 1 0 1 1 0 85 85 90 80 85 130 0 5 5 15 15 10 100
58 0 0 0 0 0 0 0 95 100 75 59 91 130 0 5 5 10 25 10 98
42 0 0 0 2 0 1 0 100 100 80 75 89 130 0 20 15 0 15 10 100
48 0 0 0 1 1 1 1 90 95 100 80 96 130 0 5 10 5 35 11 100
52 1 0 0 2 1 0 0 120 116 120 120 116 130 0 0 5 15 30 11 100
57 0 0 0 0 0 0 0 120 110 95 100 105 130 0 25 10 10 5 11 100
65 1 0 0 7 0 0 1 80 90 120 120 103 130 0 10 15 19 10 11 100
50 1 0 0 2 1 0 0 115 105 95 110 104 130 0 20 10 10 15 12 100
43 0 0 0 1 0 1 0 75 80 68 75 78 130 0 10 15 10 15 12 100
54 0 1 0 1 0 0 0 80 105 100 105 99 130 0 10 10 15 15 12 100
58 1 1 0 0 1 0 0 100 120 120 120 115 130 0 5 10 15 20 12 100
44 1 1 0 1 1 1 0 110 110 120 120 112 130 0 10 15 10 20 13 99
80 1 0 0 7 1 1 0 110 108 115 115 115 130 0 5 10 15 25 13 100
64 1 1 0 5 1 1 0 105 120 100 100 107 130 0 15 10 10 25 13 100
65 1 1 0 2 0 1 0 90 85 85 85 85 130 0 11 15 18 15 13 100
52 1 0 0 7 1 1 0 90 105 105 100 104 130 0 10 10 10 30 13 100
68 0 0 0 0 1 0 0 110 105 120 120 113 130 0 15 10 20 10 14 100
48 0 1 0 7 0 0 1 95 110 87 105 103 130 0 15 15 10 32 14 100
60 1 1 0 0 0 1 0 100 100 90 75 92 126 0 20 15 15 10 15 88
56 0 0 0 5 1 0 1 120 105 105 120 110 130 0 10 15 20 10 15 92
33 0 0 0 0 0 1 0 110 120 120 120 118 130 0 20 20 15 30 15 100
66 1 0 0 0 1 0 1 120 105 120 120 115 130 0 20 5 10 40 15 100
63 1 1 0 2 1 1 1 105 109 105 78 110 130 0 15 20 15 5 15 100
63 1 0 0 0 1 1 0 115 98 75 110 98 130 0 25 10 10 30 15 100
54 1 1 1 0 1 0 1 110 100 115 115 109 130 0 10 10 20 20 15 100
45 0 0 0 2 0 1 1 80 90 80 65 80 130 0 20 15 15 10 13 100
39 0 0 0 4 0 1 0 90 85 85 75 84 130 0 15 10 15 30 15 100
43 0 0 0 0 1 1 0 120 120 120 120 120 129 0 15 15 15 15 15 100
56 0 0 0 0 0 0 1 95 90 90 90 90 130 0 10 15 15 20 15 97
71 0 1 0 21 0 1 0 85 80 75 85 80 130 0 15 10 15 35 16 92
46 1 1 0 5 0 1 1 80 95 90 100 91 130 0 10 15 10 40 16 96
55 0 1 0 0 0 0 0 110 120 120 120 118 130 0 10 15 19 30 16 96
50 0 1 0 0 1 1 0 110 120 120 120 118 130 0 10 15 20 20 16 100
58 0 1 0 5 1 1 0 85 92 90 100 95 130 0 10 12 16 30 16 100
54 0 0 0 7 0 1 0 58 90 80 85 86 130 0 10 15 15 30 16 100
56 1 0 0 1 0 1 0 85 95 100 85 93 130 0 0 20 20 20 16 100
45 1 0 0 0 0 0 0 90 85 80 60 82 130 0 5 10 15 50 17 92
62 1 0 0 14 0 0 0 69 110 110 110 110 130 0 5 13 20 30 17 100
75 1 1 0 7 1 1 0 85 90 83 120 94 130 0 25 20 10 20 17 100
58 0 1 0 7 1 0 1 80 80 85 75 85 130 0 15 15 15 30 17 100
66 0 0 0 1 0 1 0 85 85 72 90 84 130 0 5 10 15 50 17 100
50 0 0 0 2 0 1 1 100 90 80 70 85 130 0 5 25 20 29 17 100
63 0 1 0 2 0 1 0 105 110 120 120 110 130 0 15 15 15 25 18 100
45 0 0 0 5 0 0 1 80 85 79 90 86 130 0 10 20 17 32 18 100
48 0 0 0 2 0 0 0 85 85 90 110 90 130 0 10 13 23 35 19 100
50 1 1 1 7 0 1 1 77 120 105 120 120 129 0 15 20 15 30 19 100
69 1 1 1 2 0 1 0 85 80 75 60 75 130 0 10 10 25 34 20 96
51 0 0 0 1 0 1 1 120 120 120 115 120 130 0 10 15 23 30 20 96
40 1 1 0 0 1 1 0 110 110 110 110 110 130 0 20 20 23 20 20 100
43 0 0 0 0 0 1 1 105 105 100 105 102 129 0 20 15 20 35 20 100
72 1 0 0 2 0 0 0 95 90 75 80 84 130 0 10 20 10 31 15 94
48 0 1 0 1 1 0 0 105 105 95 69 115 130 0 11 15 25 35 14 100
66 0 0 0 0 0 1 0 95 105 115 110 105 130 0 20 20 25 50 22 89
67 0 0 0 0 0 0 1 75 90 65 70 115 54 0 10 5 35 45 22 100
41 0 0 0 0 1 1 0 76 110 100 120 114 130 0 26 24 25 30 22 100
38 0 1 1 7 1 0 0 120 116 120 120 120 130 0 10 15 15 75 24 98
63 1 0 0 1 0 0 1 90 90 75 65 80 130 0 20 20 20 33 24 100
53 0 0 0 1 0 1 1 90 105 83 100 98 130 0 20 25 25 25 23 95
72 0 0 0 7 0 0 0 120 120 120 120 120 130 0 25 20 25 32 25 88
59 0 0 0 1 0 1 0 85 90 85 80 90 130 0 10 15 25 60 25 92
58 1 0 0 2 0 1 0 105 120 95 115 115 130 0 10 25 30 30 25 100
52 0 0 0 0 1 1 0 90 90 85 70 85 130 0 20 20 30 30 25 100
64 1 1 0 1 0 1 1 95 120 105 74 106 130 0 25 25 25 30 25 100
70 1 1 0 2 0 1 0 80 85 75 60 76 130 0 25 30 25 20 25 92
73 1 1 0 2 0 1 1 105 107 94 110 109 130 0 20 30 25 25 25 100
42 0 1 0 2 0 1 1 85 90 95 115 95 130 0 10 20 35 40 26 96
53 0 1 1 0 1 0 1 75 115 115 115 115 130 0 25 20 20 55 26 100
48 0 1 0 1 0 1 0 95 120 95 80 101 130 0 20 25 20 50 26 100
51 1 1 0 0 1 0 1 110 112 110 110 110 130 0 25 20 30 40 27 92
56 0 0 0 4 0 1 0 80 75 85 75 80 130 0 15 25 35 30 27 96
45 1 1 0 2 1 0 0 110 110 110 110 110 130 0 35 31 20 20 27 100
70 1 0 0 1 0 1 0 120 120 120 120 120 130 0 30 35 20 30 28 100
60 1 1 0 1 1 1 1 115 120 115 115 116 129 0 28 30 25 35 28 100
64 1 1 1 0 1 1 0 115 114 110 90 115 130 0 45 40 20 20 30 80
57 1 1 0 0 0 1 1 105 110 120 120 114 129 0 20 35 30 30 30 92
79 1 0 0 0 0 1 1 120 120 120 120 120 130 0 26 30 40 25 30 96
59 0 0 0 1 0 1 0 110 115 120 120 116 130 0 20 20 40 60 30 81
63 1 0 0 10 0 1 0 105 120 110 120 111 130 0 25 30 30 35 30 100
84 0 0 1 14 0 0 0 120 120 115 120 118 130 0 25 35 30 33 30 100
59 0 0 0 2 0 0 1 90 120 120 120 115 130 0 25 30 35 35 31 84
78 1 0 0 7 1 0 0 120 111 105 105 112 130 0 25 30 35 35 31 100
69 1 1 0 4 1 0 0 61 80 65 60 66 130 12 29 30 30 45 31 100
68 1 0 0 2 1 0 0 120 120 120 120 120 130 0 30 35 35 25 32 99
67 1 1 0 7 0 1 0 95 100 95 90 95 130 0 30 30 20 65 32 100
43 0 0 0 5 0 1 0 95 100 95 110 99 130 0 21 20 29 70 34 92
69 1 1 0 2 0 1 0 75 80 70 65 73 130 0 25 30 35 34 35 96
64 0 0 0 0 1 0 0 105 120 120 120 117 130 0 15 30 40 33 35 100
87 1 0 0 2 0 0 0 105 105 86 105 105 130 0 25 35 35 50 35 100
60 0 0 0 5 0 0 0 90 95 95 80 94 129 0 15 30 45 60 37 90
73 0 1 0 10 0 1 0 105 120 120 95 117 130 0 25 40 45 40 39 92
71 1 1 0 0 0 0 1 115 120 120 105 116 130 0 30 35 35 70 40 92
69 0 0 0 1 1 1 1 110 120 110 120 117 129 0 15 45 50 40 40 100
70 1 0 0 2 1 1 1 120 120 120 110 118 130 0 45 35 40 45 40 100
60 0 0 0 5 0 0 0 64 95 90 110 95 130 0 20 30 29 95 40 100
64 0 0 0 7 1 1 0 55 65 70 60 66 130 0 31 45 45 35 41 96
76 1 1 0 1 0 1 1 100 95 95 95 95 130 0 35 35 45 70 44 92
50 0 0 0 7 0 0 0 120 125 125 120 123 130 0 30 40 50 60 45 100
68 1 0 0 5 0 1 0 75 120 120 120 118 129 0 30 45 45 85 49 90
68 1 0 0 10 0 0 0 72 120 105 73 112 130 0 50 50 45 80 53 92
75 0 0 0 2 0 0 0 95 100 100 90 97 130 0 55 63 65 38 61 84
79 1 0 0 0 0 1 0 120 120 120 120 120 130 0 50 55 65 105 65 88
18 1 0 0 2 1 0 0 60 105 110 120 101 130 0 80 80 70 33 74 0
52 0 0 0 14 0 0 0 110 115 115 120 113 130 0 70 75 80 75 75 88
46 0 1 0 1 0 0 1 120 120 100 115 111 130 0 80 77 80 70 76 78
63 0 0 0 0 0 1 0 105 100 95 105 98 130 7 95 95 75 75 85 80
78 0 0 0 2 0 0 1 60 100 115 115 100 130 33 20 70 120 120 89 80
44 0 0 0 1 0 0 0 110 110 87 71 101 130 0 100 100 100 105 100 0
79 1 0 0 4 0 0 0 25 15 25 80 30 130 2 44 15 25 47 107 0
65 0 0 0 1 1 0 0 120 120 120 81 120 130 0 115 120 115 115 116 0
30 0 1 0 0 0 0 0 95 100 90 75 91 130 0 120 120 120 120 120 0
49 0 0 0 29 0 0 0 95 90 100 82 99 130 0 120 120 120 120 120 0
61 1 0 0 1 0 1 1 15 10 25 70 25 35 94 110 110 110 110 110 88
40 0 0 0 1 0 1 1 58 70 62 50 60 130 0 0 15 5 5 7 100
34 1 0 0 0 1 1 1 110 110 110 110 110 130 0 10 10 10 5 9 100
38 0 0 0 5 0 1 1 95 110 100 100 102 130 0 10 10 10 10 10 100
60 0 0 0 4 0 1 0 110 105 100 80 100 129 0 10 10 10 15 10 91
33 0 0 0 2 0 1 0 85 90 85 70 84 130 3 15 10 10 10 10 100
27 0 0 0 2 0 1 0 90 90 75 70 81 130 2 10 15 10 10 11 100
35 0 0 0 1 0 1 1 100 110 110 110 108 129 0 15 15 10 10 12 100
60 0 0 0 7 0 1 1 85 80 80 65 78 130 0 10 10 15 20 13 100
48 0 0 0 2 1 1 1 100 110 85 85 95 130 0 15 14 10 15 13 100
48 0 1 0 1 1 0 1 75 65 65 100 72 130 25 15 15 20 20 15 100
45 0 0 0 1 0 1 1 71 105 110 110 105 129 0 20 20 15 30 19 83
63 0 0 0 4 0 0 1 75 80 63 75 75 130 0 20 15 15 25 17 100
23 0 0 0 7 0 1 1 60 85 75 70 78 100 4 25 20 15 15 18 100
55 0 0 0 7 0 0 0 110 100 90 95 99 130 0 20 20 15 30 19 100
55 0 0 0 1 1 0 0 95 91 95 85 93 130 0 20 15 30 30 20 100
54 1 1 0 1 1 0 0 90 110 110 110 106 130 0 35 25 20 15 23 94
63 0 1 0 4 1 1 1 105 95 83 110 102 130 0 20 15 15 31 16 95
54 1 1 0 2 0 1 1 110 105 100 95 102 130 0 17 20 23 30 24 100
70 1 0 0 7 0 0 1 80 80 80 65 77 130 0 16 20 15 55 25 96
56 1 1 0 2 0 1 0 85 85 75 95 83 130 0 15 15 15 33 26 94
61 1 0 0 0 1 1 0 110 110 110 110 110 130 0 20 20 25 50 26 96
53 0 0 0 0 0 1 1 110 110 95 85 100 130 0 45 37 20 20 27 94
68 1 1 0 0 1 0 0 95 90 75 80 84 130 0 30 25 25 50 30 75
79 1 1 0 0 1 1 1 110 120 120 80 118 130 0 20 30 25 50 30 100
57 0 1 0 1 0 1 0 120 114 120 120 120 130 0 20 25 25 60 30 100
71 0 0 0 5 0 1 0 110 100 65 100 90 130 0 28 30 35 50 34 94
64 1 0 0 14 0 1 1 75 65 60 75 66 130 13 20 20 55 80 41 88
65 1 0 0 7 0 1 0 75 85 75 75 82 130 0 45 44 45 50 47 100
62 0 0 0 0 0 1 1 105 110 110 75 109 130 0 60 80 85 90 80 14
53 0 0 1 2 0 0 1 60 100 115 115 100 130 0 20 70 120 120 86 80
62 0 0 0 10 0 0 1 105 100 100 105 101 130 0 95 90 90 105 93 89
15 0 0 0 1 0 1 0 70 70 65 50 62 52 46 5 0 0 0 0 97
17 0 0 0 1 0 0 1 20 23 5 0 5 54 63 0 0 0 0 0 98
40 0 0 0 0 0 0 0 15 15 10 80 24 52 49 5 0 0 30 8 98
17 0 0 0 2 0 1 1 100 100 90 95 95 129 0 10 5 0 0 1 96
30 0 0 0 2 0 1 1 65 65 60 56 60 50 44 7 10 -5 -5 1 98
32 0 0 0 0 1 1 0 85 90 95 100 95 129 0 6 5 0 0 2 99
41 0 0 0 0 0 1 1 54 10 5 49 9 47 59 5 0 5 5 3 99
35 0 0 0 7 0 1 0 80 80 65 50 70 56 47 5 5 0 5 3 97
44 0 0 0 1 0 0 1 55 65 50 55 56 56 51 5 5 5 0 4 97
66 1 0 0 10 0 0 0 55 20 5 15 20 52 50 10 6 0 15 4 98
15 0 0 0 0 0 0 1 15 20 38 55 35 49 47 5 10 0 22 5 96
48 1 0 0 2 0 0 1 85 80 70 60 72 112 1 15 5 0 10 5 97
54 0 0 0 5 0 0 0 55 65 60 65 61 56 48 0 5 5 10 5 97
53 0 0 0 1 1 0 1 73 105 105 74 106 129 0 15 5 0 24 5 99
22 0 0 0 8 0 0 1 25 20 10 10 15 53 52 5 5 5 5 5 97
38 0 0 0 2 0 1 0 75 80 75 55 74 50 48 5 10 0 5 5 97
21 0 0 0 1 0 1 0 60 65 50 30 53 57 45 5 5 5 5 5 95
70 0 1 0 5 0 1 1 35 15 10 10 15 57 56 5 5 0 26 5 98
22 0 0 0 1 0 0 1 15 28 20 40 22 57 58 5 5 5 10 6 96
17 0 0 0 2 0 0 1 40 5 5 5 10 51 55 10 5 5 26 8 96
11 0 0 0 0 0 0 0 95 90 71 80 87 126 0 5 10 5 0 5 98
58 0 0 0 2 1 1 0 120 120 120 120 120 130 0 10 0 10 10 6 99
21 0 0 0 0 1 1 0 85 95 95 95 93 129 0 15 5 5 5 6 99
56 0 0 0 1 0 1 1 90 85 90 90 88 128 0 15 5 0 15 6 96
25 0 0 0 2 0 1 0 45 45 35 15 36 57 42 5 10 5 5 6 96
49 0 0 0 20 0 0 0 25 10 10 30 15 52 35 5 5 5 15 6 98
45 1 1 0 27 1 1 1 25 30 40 45 35 54 21 5 5 12 5 8 99
46 1 0 0 1 1 1 1 60 55 30 35 44 62 46 5 0 10 15 6 99
54 0 0 0 10 1 1 0 85 75 50 45 63 59 49 10 0 5 20 6 99
31 0 0 0 7 0 0 1 55 5 10 10 12 50 52 5 5 5 15 6 98
44 0 0 0 2 0 0 0 45 20 15 15 21 51 35 5 10 5 5 6 95
43 0 0 0 2 1 1 1 75 90 80 90 84 127 0 5 5 5 20 6 99
41 0 0 0 21 0 1 0 55 60 50 10 47 56 43 8 0 15 10 7 98
56 0 0 0 1 0 0 1 10 15 15 20 15 53 57 10 5 10 5 7 96
40 0 0 0 1 1 1 0 40 35 30 56 34 58 46 5 10 5 10 7 99
49 0 0 0 1 0 1 0 105 105 85 75 93 128 0 15 10 0 15 8 92
47 0 1 0 1 1 1 1 90 95 90 95 92 129 0 10 5 10 10 8 99
55 0 0 0 4 0 0 0 25 40 60 60 47 52 45 0 10 10 10 8 98
38 0 0 0 3 0 0 0 80 80 80 45 74 51 47 10 5 10 10 8 97
19 0 0 0 2 0 1 0 45 25 15 5 21 53 44 10 10 10 26 8 92
57 0 0 0 11 1 0 0 65 65 60 58 66 53 45 15 5 0 25 8 99
54 1 1 0 7 1 0 1 45 40 15 50 34 59 43 5 15 10 10 9 99
34 0 1 0 0 0 0 0 70 60 35 35 47 48 32 15 15 5 0 10 89
47 0 0 0 4 0 1 0 30 38 40 75 41 54 51 5 10 10 10 9 92
32 0 0 0 5 0 1 0 60 65 45 15 49 56 44 9 5 15 27 9 93
33 0 0 0 0 1 1 0 15 10 10 45 16 54 56 15 10 5 10 9 99
39 0 0 0 0 0 1 0 105 120 120 120 111 129 0 5 8 10 20 10 92
24 0 0 0 5 0 1 1 75 80 65 80 75 95 6 5 15 5 20 10 97
58 1 0 0 0 1 1 1 45 35 35 40 37 59 42 15 5 10 15 10 99
72 0 0 0 0 1 0 0 25 15 15 5 15 53 51 11 15 10 5 10 99
16 0 0 0 0 0 1 0 35 55 100 120 75 52 44 10 10 15 5 10 93
45 0 0 0 2 0 0 1 58 60 55 20 51 56 44 10 10 10 10 9 97
38 0 0 0 2 0 1 0 55 40 25 45 38 48 32 5 8 10 15 10 96
42 1 1 0 1 1 1 0 95 95 85 80 89 123 0 5 10 10 15 10 99
18 0 0 0 2 0 0 1 60 70 70 80 67 51 42 15 10 10 5 10 93
35 0 0 0 5 0 1 0 62 65 40 15 49 59 47 10 0 11 20 10 98
44 0 0 0 1 0 0 1 55 40 45 50 45 53 46 15 10 5 15 10 96
55 0 1 0 2 1 0 1 80 90 75 70 80 104 3 10 10 10 10 10 99
58 0 0 0 4 0 0 1 60 80 80 70 73 89 8 5 10 10 15 10 96
62 0 0 0 14 0 1 1 55 60 25 35 43 58 50 10 15 5 15 10 98
14 0 0 0 5 0 1 1 20 25 20 25 19 53 48 12 11 14 25 10 96
40 0 0 0 1 1 1 1 75 75 60 45 65 58 46 10 10 10 15 10 99
50 0 0 0 2 0 1 1 60 65 60 55 60 56 47 9 10 10 15 10 96
26 0 0 0 2 0 0 1 85 95 85 75 86 54 47 5 15 17 15 11 94
53 0 0 0 4 0 1 0 35 45 35 45 40 56 45 15 10 15 5 11 96
51 0 0 0 0 0 0 1 40 15 19 5 15 48 53 10 15 10 10 11 96
45 0 0 0 5 0 0 0 75 75 65 60 69 55 44 15 20 5 5 11 90
54 0 0 0 1 1 1 1 30 20 10 35 20 56 50 0 20 13 15 12 99
48 0 0 0 11 0 1 0 85 75 53 20 55 55 44 20 15 15 0 12 96
48 0 0 0 1 0 1 1 100 110 105 115 107 129 0 13 15 15 5 13 93
49 0 0 0 7 1 0 1 40 40 42 45 33 54 43 15 15 10 15 11 99
59 0 0 0 14 0 1 0 40 30 30 20 30 54 45 9 10 10 20 10 97
45 0 0 0 1 1 0 1 120 120 120 120 120 130 0 15 15 10 15 13 99
51 0 0 0 1 1 0 1 74 120 120 120 120 130 0 15 15 10 15 13 99
47 0 0 0 1 0 1 1 25 30 60 25 38 54 39 20 15 15 5 14 92
45 0 0 0 7 1 1 1 50 36 25 25 34 55 50 10 15 13 15 14 99
59 0 0 0 1 0 0 1 30 44 45 55 42 56 45 15 15 15 10 14 94
62 0 0 0 0 1 1 1 60 40 60 75 55 56 43 11 15 15 30 15 99
45 0 0 0 10 0 1 0 45 30 45 50 40 55 44 15 15 15 20 15 96
46 1 1 1 1 0 1 1 70 110 110 110 109 129 0 14 15 15 20 15 98
55 1 0 0 5 0 1 0 80 75 70 100 78 53 48 10 15 15 25 15 93
58 0 1 0 7 1 0 1 90 85 70 90 81 105 3 15 15 15 10 15 99
56 0 0 0 59 0 0 1 30 20 25 30 25 51 39 15 10 20 20 15 99
63 0 1 0 0 0 0 1 25 30 33 25 26 49 49 15 20 15 10 15 97
52 1 0 0 2 0 1 0 50 55 55 58 59 50 42 10 11 15 45 15 95
68 1 1 0 4 0 0 1 50 35 75 105 62 116 0 5 9 15 50 15 95
48 0 0 0 2 0 1 1 95 95 90 90 92 129 0 10 10 15 35 15 93
49 1 0 0 0 1 0 0 45 80 110 110 96 54 45 20 20 10 20 15 99
56 0 0 0 1 0 1 0 60 65 55 40 56 57 47 15 15 20 15 16 88
26 0 0 0 0 0 0 1 110 110 84 90 100 129 0 10 10 20 30 10 94
60 0 1 0 0 0 0 0 50 60 50 35 50 57 44 12 15 17 15 16 93
46 0 0 0 2 0 0 1 55 50 70 80 60 51 44 10 15 20 20 16 97
53 0 0 0 0 0 0 1 85 95 65 55 76 57 53 20 10 20 20 16 92
55 1 1 0 0 0 1 1 95 95 85 110 94 129 0 20 20 15 15 17 86
47 0 0 0 9 0 0 0 50 50 40 25 42 56 46 25 20 10 20 16 96
58 0 0 0 1 0 0 1 40 25 20 20 25 56 46 20 15 15 25 17 93
64 1 1 0 1 0 0 1 63 70 35 56 49 56 48 15 16 15 20 17 96
37 0 0 0 7 0 1 0 95 96 90 85 94 129 0 16 20 15 20 18 92
53 1 1 0 0 0 1 0 50 65 60 40 56 53 42 15 15 15 32 18 92
59 0 0 0 7 1 0 1 10 15 31 25 21 46 51 15 15 20 25 18 99
65 1 0 0 0 0 1 0 100 95 85 95 92 129 0 30 20 15 15 19 81
50 0 0 0 0 0 0 0 110 120 120 120 112 130 0 10 10 15 55 19 95
46 1 0 0 7 0 1 0 65 50 25 20 39 52 37 25 15 20 20 19 91
59 0 0 0 7 0 0 1 25 36 25 15 23 57 52 20 20 20 20 20 91
45 0 1 0 1 0 1 1 30 25 30 45 30 57 45 14 15 20 35 20 94
57 0 0 0 4 0 1 0 55 20 36 55 33 49 48 10 15 25 35 20 95
60 0 1 0 5 0 1 1 80 75 105 110 91 129 0 12 17 20 10 20 93
34 0 0 0 2 0 0 0 80 85 80 40 75 54 46 5 24 24 20 20 84
67 1 1 1 0 1 1 0 95 90 65 95 83 123 0 15 15 17 35 21 99
47 0 0 0 7 0 0 0 45 20 15 10 20 53 47 15 25 20 25 21 85
45 1 0 0 2 1 1 1 65 60 55 15 53 60 38 25 25 20 15 21 99
55 1 1 0 0 0 0 0 100 100 85 85 92 129 0 15 20 25 32 21 84
61 0 0 0 2 1 0 0 70 75 55 40 61 57 44 22 25 20 20 21 99
56 1 0 0 1 0 1 1 60 60 45 30 50 54 41 15 30 15 25 21 88
42 0 0 0 4 0 0 1 57 40 45 80 50 54 45 30 15 20 35 22 97
50 0 0 0 1 0 0 0 15 30 25 20 24 55 44 15 30 20 20 22 81
53 0 0 0 1 0 0 1 50 25 40 60 40 56 44 50 35 25 40 23 92
71 1 1 0 7 0 0 0 55 60 67 100 65 124 0 0 15 25 60 23 93
65 1 1 0 2 0 1 0 90 100 105 110 101 129 0 18 20 20 40 23 82
62 1 1 0 2 1 0 0 120 120 120 120 100 130 0 25 25 20 30 24 99
78 1 0 0 2 0 1 0 95 90 66 70 82 125 0 30 35 15 15 24 91
73 0 0 0 0 0 1 1 45 45 35 30 39 60 48 10 10 45 25 24 91
67 0 0 0 1 0 1 0 45 39 25 15 30 58 52 25 30 25 20 24 80
68 0 0 0 2 0 0 0 25 55 65 50 55 55 43 10 20 25 32 25 76
44 1 1 0 0 0 1 1 120 120 120 120 120 130 0 15 16 15 65 26 81
56 0 1 0 4 1 1 0 110 120 120 120 118 130 0 25 25 20 45 26 98
67 1 1 0 0 0 0 1 50 80 60 40 61 56 48 20 25 25 40 26 85
54 0 0 0 0 1 0 0 100 100 85 90 93 129 0 35 20 15 55 26 99
69 1 1 0 2 1 1 1 50 45 35 70 46 56 44 25 25 25 40 27 99
56 1 1 0 7 0 0 0 80 80 70 75 75 53 44 20 30 25 35 29 84
63 0 0 0 2 0 1 1 55 35 30 75 43 57 50 15 15 30 70 29 93
49 0 0 0 2 0 1 0 10 10 45 55 58 54 37 10 10 45 55 29 79
51 0 0 0 2 0 0 0 45 30 30 56 40 52 43 20 25 15 30 29 78
55 1 0 0 2 0 0 0 80 77 65 70 71 53 49 30 25 26 40 30 90
75 1 0 1 4 0 0 0 45 50 45 60 49 52 43 15 20 35 55 30 81
65 1 0 0 14 0 1 1 60 50 35 57 50 56 49 19 15 30 70 30 95
51 0 0 0 7 0 0 1 35 30 40 30 34 53 38 35 37 30 35 31 80
61 0 0 0 2 0 1 0 65 65 60 30 56 57 45 30 31 25 50 31 77
67 0 0 0 4 0 0 1 60 60 35 25 45 57 44 40 40 28 32 33 88
86 1 0 0 29 0 1 0 55 50 60 60 55 54 47 45 38 30 60 39 94
75 1 1 0 0 0 1 0 55 70 55 58 58 58 47 35 41 40 30 35 77
69 0 0 0 1 0 0 0 35 40 58 75 51 58 47 25 15 45 65 35 91
67 1 0 0 7 0 1 0 30 35 52 60 38 56 43 20 40 30 50 35 93
69 1 1 0 5 0 0 0 55 60 60 60 59 56 45 35 35 35 40 35 86
79 1 1 0 5 1 1 1 120 120 120 71 100 130 0 30 35 40 35 35 99
70 1 0 0 0 0 1 1 50 50 60 65 53 55 43 35 30 40 45 36 88
51 0 0 0 59 0 1 0 20 45 57 45 45 51 34 36 40 36 40 36 98
57 0 0 0 2 0 0 0 40 30 60 80 50 52 47 19 20 50 75 36 87
30 0 0 0 5 1 0 0 50 45 45 90 53 56 43 40 35 35 45 37 98
60 0 1 0 2 0 0 0 90 90 70 110 86 117 0 40 40 30 50 38 83
75 1 1 0 1 1 1 0 35 50 55 65 50 62 42 35 25 40 65 40 99
43 0 0 0 14 1 0 0 120 105 110 120 111 130 0 27 25 55 60 40 98
70 1 0 0 2 0 0 0 45 40 45 70 47 55 43 30 35 40 33 40 83
80 1 1 0 1 1 0 1 120 120 120 100 116 130 0 35 40 30 65 40 99
70 1 1 0 0 1 1 1 105 120 115 115 115 130 0 65 50 30 50 45 99
58 0 0 0 2 0 0 0 61 75 75 65 72 118 0 45 35 45 85 48 76
71 1 1 0 1 0 0 0 110 95 80 75 110 124 0 43 60 40 40 49 74
73 1 1 0 2 1 0 1 70 80 75 65 74 57 45 40 45 55 55 49 99
72 1 0 1 2 0 0 0 110 105 90 105 100 129 0 30 45 60 35 51 69
64 0 0 0 7 0 0 1 85 90 70 65 78 57 52 55 60 45 55 53 87
77 1 1 0 1 1 0 0 64 65 70 60 70 128 0 40 45 55 95 55 99
54 0 0 0 1 1 1 1 115 100 75 85 91 129 0 50 55 65 75 60 99
75 1 1 1 5 0 1 0 60 56 60 75 69 53 43 65 65 65 60 64 82
67 1 0 0 7 0 1 1 75 85 90 80 84 125 0 75 60 55 90 65 88
79 1 0 0 4 0 1 1 64 80 70 80 74 54 48 48 75 60 70 68 81
51 0 0 0 7 0 1 1 60 60 65 90 66 55 50 60 65 70 80 65 82
32 0 0 0 2 0 1 0 55 57 70 80 67 50 28 65 65 70 85 70 71
51 0 1 0 2 0 1 0 45 65 70 75 65 58 49 40 80 80 80 73 72
60 0 0 0 2 0 1 0 59 100 85 75 88 129 0 75 90 43 80 82 85
72 1 1 0 1 0 0 0 110 115 80 90 98 120 4 100 105 85 80 93 67
47 0 0 0 1 0 0 0 67 65 55 40 56 121 1 120 105 120 120 120 71
47 1 0 0 1 0 0 0 30 45 40 30 38 67 50 120 104 120 120 120 62
23 0 0 0 0 0 1 0 85 115 115 115 110 129 0 93 120 120 120 120 38
24 0 0 0 7 0 1 1 60 50 25 15 37 58 49 10 10 10 20 9 98
